-9997
-9996
-9995
-9991
-9985
-9984
-9983
-9983
-9972
-9972
-9968
-9968
-9967
-9955
-9952
-9950
-9940
-9940
-9937
-9924
-9924
-9922
-9919
-9913
-9911
-9908
-9900
-9898
-9896
-9891
-9887
-9884
-9880
-9875
-9869
-9860
-9846
-9846
-9843
-9837
-9833
-9830
-9824
-9799
-9799
-9793
-9789
-9786
-9778
-9769
-9769
-9767
-9758
-9757
-9754
-9754
-9747
-9746
-9743
-9739
-9739
-9722
-9707
-9694
-9693
-9690
-9682
-9680
-9678
-9675
-9675
-9665
-9663
-9660
-9659
-9654
-9646
-9640
-9633
-9630
-9629
-9624
-9624
-9615
-9611
-9610
-9599
-9596
-9594
-9591
-9587
-9583
-9575
-9570
-9570
-9569
-9568
-9558
-9554
-9534
-9534
-9527
-9524
-9508
-9504
-9504
-9493
-9491
-9488
-9486
-9485
-9484
-9482
-9472
-9471
-9470
-9469
-9469
-9469
-9463
-9462
-9462
-9461
-9461
-9457
-9457
-9435
-9432
-9423
-9419
-9417
-9416
-9404
-9403
-9387
-9381
-9381
-9377
-9368
-9365
-9363
-9362
-9355
-9354
-9349
-9349
-9344
-9344
-9337
-9325
-9321
-9321
-9315
-9315
-9311
-9301
-9291
-9281
-9281
-9277
-9277
-9266
-9263
-9250
-9239
-9239
-9239
-9232
-9231
-9229
-9227
-9226
-9225
-9218
-9213
-9213
-9207
-9199
-9194
-9186
-9185
-9183
-9181
-9177
-9171
-9165
-9157
-9151
-9150
-9148
-9143
-9142
-9137
-9127
-9122
-9121
-9114
-9096
-9092
-9088
-9086
-9083
-9080
-9077
-9076
-9076
-9072
-9067
-9050
-9049
-9049
-9045
-9043
-9029
-9028
-9026
-9018
-9016
-9016
-9012
-9011
-9006
-8992
-8989
-8983
-8983
-8974
-8971
-8962
-8961
-8957
-8952
-8934
-8931
-8929
-8926
-8925
-8908
-8905
-8902
-8900
-8896
-8895
-8890
-8871
-8868
-8859
-8855
-8832
-8821
-8815
-8798
-8796
-8793
-8791
-8789
-8787
-8780
-8779
-8770
-8766
-8757
-8749
-8749
-8745
-8730
-8728
-8722
-8718
-8718
-8708
-8704
-8703
-8701
-8697
-8691
-8686
-8681
-8679
-8676
-8670
-8668
-8666
-8663
-8662
-8660
-8658
-8649
-8647
-8636
-8636
-8633
-8630
-8630
-8621
-8610
-8606
-8590
-8586
-8583
-8582
-8581
-8578
-8576
-8572
-8571
-8569
-8565
-8561
-8557
-8554
-8551
-8550
-8549
-8545
-8542
-8540
-8538
-8526
-8526
-8524
-8522
-8513
-8507
-8506
-8504
-8503
-8497
-8495
-8495
-8490
-8489
-8482
-8481
-8477
-8476
-8460
-8455
-8451
-8448
-8440
-8439
-8435
-8432
-8421
-8402
-8402
-8400
-8398
-8396
-8390
-8384
-8383
-8379
-8374
-8369
-8368
-8364
-8354
-8353
-8342
-8341
-8340
-8334
-8334
-8332
-8324
-8320
-8315
-8314
-8313
-8309
-8305
-8305
-8303
-8300
-8283
-8283
-8282
-8280
-8278
-8275
-8272
-8265
-8260
-8260
-8251
-8246
-8246
-8239
-8236
-8235
-8231
-8230
-8227
-8224
-8220
-8219
-8206
-8205
-8201
-8192
-8191
-8191
-8185
-8184
-8183
-8178
-8178
-8174
-8172
-8165
-8162
-8162
-8160
-8159
-8159
-8158
-8157
-8155
-8150
-8148
-8147
-8144
-8134
-8134
-8130
-8128
-8122
-8121
-8120
-8117
-8117
-8116
-8116
-8111
-8100
-8091
-8088
-8087
-8084
-8080
-8071
-8071
-8069
-8067
-8065
-8062
-8048
-8042
-8016
-8013
-8010
-8005
-8001
-7989
-7983
-7983
-7978
-7975
-7973
-7971
-7971
-7965
-7965
-7963
-7960
-7946
-7942
-7938
-7938
-7934
-7933
-7929
-7927
-7927
-7926
-7925
-7919
-7915
-7915
-7914
-7913
-7909
-7907
-7903
-7900
-7894
-7893
-7892
-7889
-7889
-7886
-7879
-7875
-7872
-7860
-7832
-7819
-7815
-7811
-7793
-7793
-7785
-7777
-7777
-7768
-7753
-7752
-7748
-7746
-7745
-7745
-7745
-7739
-7736
-7729
-7726
-7725
-7723
-7722
-7720
-7716
-7715
-7711
-7709
-7708
-7696
-7695
-7690
-7681
-7680
-7679
-7679
-7673
-7666
-7659
-7655
-7648
-7647
-7641
-7640
-7640
-7637
-7635
-7632
-7619
-7619
-7617
-7616
-7606
-7602
-7599
-7597
-7593
-7585
-7584
-7583
-7583
-7583
-7574
-7570
-7569
-7562
-7555
-7553
-7548
-7546
-7540
-7535
-7534
-7532
-7529
-7523
-7521
-7516
-7512
-7508
-7500
-7493
-7483
-7474
-7472
-7468
-7468
-7467
-7466
-7461
-7457
-7455
-7454
-7447
-7441
-7438
-7436
-7421
-7413
-7412
-7407
-7406
-7401
-7400
-7399
-7399
-7390
-7389
-7386
-7386
-7372
-7370
-7369
-7364
-7364
-7353
-7352
-7352
-7348
-7346
-7329
-7326
-7323
-7323
-7320
-7317
-7316
-7314
-7310
-7299
-7298
-7297
-7284
-7282
-7282
-7278
-7276
-7269
-7267
-7263
-7260
-7257
-7247
-7244
-7238
-7237
-7230
-7228
-7219
-7216
-7214
-7211
-7207
-7205
-7200
-7195
-7194
-7191
-7187
-7184
-7176
-7172
-7168
-7167
-7167
-7165
-7163
-7162
-7161
-7158
-7155
-7151
-7149
-7145
-7143
-7141
-7137
-7136
-7135
-7134
-7131
-7119
-7119
-7117
-7110
-7109
-7109
-7107
-7107
-7105
-7093
-7089
-7087
-7078
-7077
-7076
-7070
-7069
-7063
-7055
-7051
-7051
-7049
-7036
-7031
-7025
-7014
-7008
-7007
-7004
-7002
-7000
-6998
-6996
-6994
-6991
-6991
-6988
-6984
-6984
-6970
-6965
-6963
-6952
-6951
-6946
-6943
-6931
-6930
-6928
-6924
-6921
-6919
-6917
-6912
-6906
-6904
-6901
-6896
-6888
-6886
-6881
-6880
-6877
-6872
-6869
-6869
-6868
-6867
-6862
-6860
-6857
-6846
-6846
-6834
-6828
-6824
-6821
-6820
-6820
-6817
-6809
-6808
-6806
-6804
-6804
-6799
-6799
-6790
-6779
-6775
-6770
-6769
-6769
-6760
-6760
-6756
-6748
-6748
-6747
-6745
-6738
-6736
-6730
-6729
-6729
-6725
-6724
-6724
-6716
-6714
-6713
-6711
-6707
-6707
-6706
-6701
-6692
-6688
-6688
-6687
-6687
-6686
-6682
-6672
-6645
-6641
-6634
-6631
-6630
-6614
-6614
-6609
-6608
-6607
-6607
-6598
-6593
-6591
-6588
-6587
-6578
-6566
-6561
-6560
-6555
-6555
-6551
-6550
-6545
-6542
-6529
-6514
-6511
-6506
-6498
-6494
-6493
-6491
-6490
-6483
-6479
-6479
-6469
-6468
-6467
-6465
-6463
-6456
-6454
-6448
-6448
-6440
-6440
-6439
-6439
-6429
-6424
-6421
-6420
-6417
-6410
-6405
-6403
-6401
-6394
-6392
-6390
-6390
-6385
-6384
-6383
-6381
-6378
-6375
-6371
-6368
-6367
-6362
-6360
-6349
-6349
-6345
-6344
-6335
-6333
-6333
-6330
-6328
-6324
-6323
-6317
-6317
-6315
-6314
-6310
-6307
-6307
-6302
-6299
-6297
-6294
-6294
-6293
-6292
-6287
-6283
-6281
-6278
-6273
-6271
-6271
-6270
-6268
-6267
-6263
-6259
-6256
-6255
-6255
-6255
-6252
-6251
-6241
-6241
-6239
-6238
-6235
-6235
-6234
-6227
-6223
-6222
-6222
-6220
-6219
-6217
-6217
-6205
-6201
-6200
-6198
-6194
-6181
-6169
-6164
-6163
-6161
-6157
-6153
-6152
-6134
-6132
-6131
-6124
-6121
-6120
-6118
-6115
-6115
-6104
-6104
-6103
-6102
-6098
-6094
-6094
-6089
-6078
-6070
-6070
-6067
-6062
-6060
-6045
-6044
-6035
-6033
-6030
-6026
-6019
-6016
-6015
-6013
-6010
-6005
-6000
-6000
-5993
-5984
-5983
-5970
-5957
-5948
-5945
-5940
-5938
-5938
-5935
-5923
-5923
-5923
-5922
-5918
-5917
-5916
-5914
-5909
-5909
-5905
-5904
-5903
-5892
-5885
-5881
-5878
-5877
-5875
-5864
-5864
-5859
-5859
-5855
-5848
-5846
-5845
-5840
-5839
-5839
-5838
-5838
-5834
-5832
-5802
-5798
-5787
-5782
-5780
-5779
-5777
-5774
-5761
-5749
-5742
-5741
-5739
-5732
-5731
-5725
-5722
-5721
-5717
-5716
-5716
-5714
-5709
-5673
-5672
-5672
-5672
-5670
-5667
-5667
-5666
-5665
-5660
-5659
-5659
-5656
-5651
-5650
-5649
-5641
-5639
-5638
-5630
-5629
-5628
-5624
-5621
-5620
-5615
-5614
-5612
-5610
-5610
-5599
-5595
-5594
-5586
-5580
-5576
-5565
-5555
-5555
-5548
-5536
-5527
-5525
-5516
-5516
-5512
-5511
-5511
-5505
-5503
-5500
-5499
-5499
-5495
-5495
-5494
-5489
-5485
-5484
-5483
-5480
-5464
-5463
-5462
-5453
-5450
-5449
-5441
-5433
-5432
-5429
-5427
-5425
-5423
-5416
-5414
-5409
-5407
-5402
-5400
-5395
-5390
-5386
-5378
-5374
-5374
-5374
-5373
-5369
-5368
-5368
-5364
-5361
-5359
-5355
-5343
-5342
-5340
-5340
-5336
-5331
-5318
-5312
-5307
-5305
-5301
-5296
-5290
-5289
-5280
-5276
-5274
-5265
-5265
-5261
-5259
-5259
-5254
-5250
-5238
-5236
-5236
-5231
-5222
-5217
-5211
-5209
-5208
-5207
-5204
-5200
-5194
-5194
-5191
-5190
-5187
-5187
-5184
-5180
-5177
-5171
-5171
-5169
-5162
-5156
-5148
-5148
-5143
-5139
-5134
-5124
-5117
-5116
-5109
-5106
-5086
-5084
-5079
-5077
-5075
-5070
-5070
-5059
-5055
-5052
-5051
-5048
-5030
-5030
-5026
-5006
-5003
-5000
-4996
-4992
-4989
-4986
-4969
-4963
-4958
-4949
-4947
-4947
-4936
-4930
-4929
-4927
-4924
-4917
-4913
-4896
-4890
-4876
-4876
-4871
-4871
-4870
-4869
-4868
-4868
-4868
-4867
-4864
-4863
-4862
-4855
-4849
-4846
-4843
-4838
-4829
-4829
-4817
-4813
-4809
-4808
-4803
-4802
-4797
-4790
-4781
-4781
-4774
-4769
-4768
-4764
-4764
-4753
-4751
-4743
-4743
-4736
-4734
-4733
-4729
-4727
-4722
-4722
-4718
-4716
-4710
-4706
-4700
-4697
-4693
-4692
-4691
-4684
-4683
-4680
-4664
-4663
-4657
-4657
-4652
-4644
-4632
-4632
-4631
-4627
-4625
-4625
-4624
-4618
-4617
-4614
-4611
-4606
-4606
-4595
-4592
-4589
-4583
-4581
-4571
-4561
-4560
-4559
-4555
-4551
-4551
-4550
-4545
-4543
-4523
-4512
-4512
-4510
-4508
-4507
-4505
-4494
-4493
-4491
-4484
-4483
-4481
-4480
-4479
-4474
-4472
-4469
-4452
-4451
-4451
-4449
-4448
-4445
-4438
-4438
-4433
-4428
-4427
-4410
-4403
-4402
-4401
-4391
-4389
-4389
-4387
-4384
-4382
-4376
-4375
-4371
-4368
-4364
-4364
-4353
-4353
-4349
-4345
-4331
-4325
-4322
-4321
-4321
-4319
-4314
-4308
-4305
-4299
-4299
-4279
-4277
-4272
-4268
-4268
-4251
-4249
-4245
-4242
-4239
-4237
-4235
-4234
-4227
-4227
-4224
-4222
-4220
-4218
-4218
-4217
-4215
-4213
-4211
-4209
-4205
-4202
-4200
-4198
-4193
-4186
-4177
-4173
-4171
-4162
-4160
-4144
-4142
-4141
-4138
-4132
-4132
-4126
-4120
-4116
-4096
-4095
-4094
-4089
-4089
-4089
-4076
-4072
-4065
-4052
-4051
-4051
-4049
-4048
-4047
-4047
-4033
-4031
-4030
-4028
-4021
-4019
-4019
-4016
-4006
-3999
-3995
-3979
-3976
-3974
-3959
-3959
-3958
-3954
-3950
-3950
-3949
-3943
-3940
-3936
-3931
-3928
-3925
-3925
-3920
-3919
-3911
-3907
-3905
-3904
-3903
-3903
-3903
-3898
-3897
-3894
-3893
-3890
-3885
-3883
-3878
-3871
-3871
-3870
-3866
-3864
-3857
-3853
-3845
-3840
-3837
-3836
-3834
-3825
-3824
-3820
-3811
-3808
-3792
-3780
-3779
-3778
-3765
-3761
-3758
-3758
-3754
-3751
-3744
-3736
-3735
-3725
-3724
-3724
-3722
-3716
-3695
-3691
-3691
-3688
-3683
-3683
-3682
-3679
-3676
-3675
-3666
-3666
-3665
-3663
-3660
-3655
-3647
-3631
-3629
-3624
-3622
-3618
-3614
-3607
-3604
-3600
-3599
-3597
-3595
-3589
-3587
-3586
-3582
-3581
-3574
-3568
-3565
-3564
-3559
-3553
-3550
-3550
-3541
-3539
-3537
-3535
-3534
-3533
-3520
-3519
-3518
-3513
-3506
-3499
-3497
-3493
-3492
-3489
-3488
-3485
-3475
-3474
-3471
-3461
-3454
-3451
-3451
-3449
-3448
-3445
-3439
-3423
-3422
-3420
-3413
-3412
-3410
-3407
-3406
-3406
-3402
-3392
-3391
-3391
-3384
-3383
-3378
-3377
-3375
-3375
-3373
-3365
-3364
-3353
-3343
-3337
-3325
-3317
-3315
-3311
-3308
-3303
-3301
-3299
-3293
-3274
-3270
-3265
-3254
-3254
-3251
-3248
-3248
-3245
-3240
-3233
-3229
-3225
-3223
-3222
-3221
-3220
-3218
-3215
-3209
-3209
-3208
-3199
-3198
-3194
-3193
-3187
-3185
-3182
-3179
-3173
-3170
-3165
-3164
-3160
-3152
-3151
-3151
-3149
-3149
-3145
-3140
-3137
-3134
-3134
-3126
-3121
-3116
-3116
-3111
-3106
-3104
-3098
-3088
-3082
-3082
-3078
-3077
-3073
-3065
-3049
-3047
-3046
-3045
-3042
-3038
-3036
-3035
-3033
-3030
-3027
-3026
-3023
-3022
-3021
-3019
-3017
-3016
-3009
-3007
-2992
-2992
-2983
-2972
-2968
-2966
-2952
-2951
-2945
-2941
-2940
-2939
-2933
-2931
-2931
-2930
-2929
-2924
-2923
-2917
-2916
-2904
-2898
-2896
-2891
-2890
-2888
-2885
-2882
-2873
-2865
-2864
-2863
-2863
-2860
-2858
-2856
-2840
-2834
-2830
-2826
-2825
-2816
-2809
-2805
-2803
-2800
-2792
-2790
-2786
-2781
-2779
-2774
-2769
-2764
-2762
-2759
-2756
-2747
-2736
-2731
-2712
-2711
-2708
-2706
-2703
-2691
-2691
-2690
-2690
-2688
-2672
-2667
-2666
-2664
-2657
-2656
-2654
-2654
-2651
-2648
-2648
-2647
-2647
-2642
-2641
-2633
-2633
-2630
-2628
-2620
-2607
-2593
-2588
-2587
-2584
-2580
-2572
-2571
-2557
-2548
-2540
-2534
-2529
-2529
-2522
-2517
-2500
-2494
-2491
-2490
-2486
-2484
-2479
-2477
-2477
-2476
-2474
-2469
-2463
-2459
-2458
-2455
-2453
-2447
-2437
-2423
-2422
-2421
-2417
-2413
-2412
-2406
-2398
-2391
-2387
-2387
-2386
-2385
-2384
-2375
-2374
-2373
-2373
-2372
-2355
-2351
-2349
-2343
-2339
-2339
-2330
-2329
-2326
-2324
-2321
-2313
-2302
-2301
-2300
-2299
-2297
-2297
-2296
-2285
-2284
-2276
-2269
-2266
-2262
-2258
-2256
-2254
-2253
-2253
-2240
-2240
-2231
-2230
-2228
-2212
-2209
-2205
-2204
-2200
-2196
-2188
-2187
-2178
-2176
-2168
-2165
-2165
-2164
-2162
-2158
-2157
-2156
-2154
-2150
-2145
-2144
-2140
-2139
-2139
-2133
-2131
-2131
-2122
-2114
-2112
-2107
-2103
-2103
-2102
-2100
-2100
-2087
-2082
-2071
-2068
-2060
-2057
-2056
-2055
-2054
-2053
-2048
-2046
-2038
-2032
-2026
-2025
-2022
-2020
-1996
-1995
-1986
-1968
-1965
-1956
-1955
-1946
-1946
-1943
-1942
-1941
-1940
-1937
-1936
-1932
-1923
-1918
-1914
-1911
-1910
-1904
-1898
-1896
-1888
-1879
-1862
-1862
-1852
-1849
-1848
-1846
-1843
-1825
-1820
-1813
-1805
-1799
-1792
-1789
-1788
-1783
-1780
-1778
-1774
-1769
-1763
-1763
-1763
-1753
-1752
-1749
-1748
-1747
-1747
-1735
-1735
-1731
-1722
-1720
-1713
-1709
-1709
-1708
-1705
-1705
-1702
-1701
-1693
-1686
-1682
-1675
-1672
-1661
-1657
-1653
-1651
-1651
-1648
-1646
-1641
-1634
-1630
-1620
-1616
-1610
-1606
-1604
-1600
-1595
-1587
-1577
-1573
-1564
-1554
-1554
-1542
-1537
-1537
-1531
-1530
-1524
-1524
-1524
-1522
-1522
-1515
-1513
-1512
-1506
-1502
-1497
-1497
-1489
-1487
-1485
-1473
-1473
-1473
-1473
-1463
-1460
-1451
-1442
-1440
-1440
-1439
-1435
-1435
-1431
-1422
-1416
-1412
-1412
-1409
-1407
-1403
-1392
-1389
-1377
-1375
-1371
-1370
-1364
-1363
-1363
-1363
-1362
-1359
-1358
-1356
-1350
-1348
-1347
-1345
-1345
-1339
-1335
-1324
-1323
-1319
-1318
-1316
-1311
-1311
-1302
-1294
-1286
-1280
-1278
-1276
-1268
-1260
-1259
-1255
-1241
-1236
-1229
-1224
-1219
-1215
-1212
-1202
-1199
-1194
-1189
-1189
-1189
-1188
-1183
-1183
-1180
-1173
-1169
-1167
-1160
-1156
-1154
-1154
-1142
-1140
-1133
-1120
-1119
-1109
-1108
-1102
-1100
-1095
-1089
-1087
-1084
-1083
-1082
-1077
-1062
-1062
-1055
-1053
-1036
-1032
-1031
-1027
-1024
-1014
-1004
-1002
-999
-998
-996
-995
-990
-989
-981
-979
-979
-974
-971
-969
-969
-966
-960
-953
-945
-945
-944
-942
-942
-942
-933
-932
-930
-926
-922
-916
-910
-907
-907
-907
-907
-905
-904
-904
-903
-890
-882
-878
-875
-874
-873
-870
-867
-857
-855
-853
-849
-844
-843
-842
-839
-839
-836
-831
-830
-825
-815
-808
-806
-804
-796
-796
-795
-793
-792
-791
-790
-789
-786
-782
-780
-773
-771
-768
-766
-766
-762
-762
-758
-753
-749
-742
-740
-738
-735
-727
-726
-722
-716
-705
-704
-703
-703
-691
-690
-688
-688
-686
-686
-681
-678
-666
-665
-664
-659
-657
-654
-645
-642
-640
-639
-635
-634
-621
-620
-618
-610
-609
-607
-596
-577
-575
-571
-570
-570
-569
-563
-560
-560
-557
-555
-548
-546
-542
-542
-538
-535
-521
-520
-514
-513
-510
-510
-508
-506
-506
-505
-503
-497
-487
-487
-483
-482
-472
-468
-468
-466
-464
-463
-448
-445
-441
-439
-438
-437
-437
-436
-433
-432
-429
-425
-424
-421
-418
-404
-403
-400
-396
-393
-391
-388
-385
-382
-381
-380
-379
-374
-372
-365
-359
-357
-356
-351
-344
-342
-341
-338
-335
-333
-332
-328
-323
-321
-318
-318
-315
-304
-298
-298
-288
-284
-284
-283
-278
-267
-266
-264
-255
-253
-245
-237
-234
-234
-233
-227
-225
-220
-206
-204
-202
-202
-193
-189
-188
-185
-185
-181
-177
-175
-174
-152
-151
-149
-148
-143
-135
-135
-122
-120
-118
-112
-110
-106
-105
-88
-82
-79
-76
-73
-71
-70
-68
-62
-57
-56
-47
-43
-42
-41
-38
-36
-35
-32
-2
2
3
13
18
19
27
28
30
31
36
40
41
45
49
53
53
57
69
69
72
72
77
77
79
82
84
87
91
93
93
94
96
103
106
109
112
113
117
117
121
123
125
135
139
140
147
147
158
160
170
174
176
176
177
187
187
190
193
195
195
198
201
207
214
215
216
221
226
233
235
247
249
250
260
266
278
281
283
283
287
288
290
292
292
298
300
301
303
306
309
312
314
315
330
334
336
339
345
353
354
356
361
366
376
380
381
386
388
389
393
399
404
409
412
413
419
420
421
425
429
445
450
454
457
464
465
467
468
473
474
478
489
491
506
507
508
521
530
535
539
545
546
551
552
553
558
567
569
570
573
577
582
594
595
595
600
602
603
607
609
619
624
626
627
628
641
645
648
651
654
657
661
662
673
676
679
679
681
700
701
705
710
714
714
718
726
728
729
731
731
736
738
741
743
743
746
746
756
759
761
762
762
764
768
769
769
770
774
774
779
780
790
794
798
805
808
809
811
815
831
833
837
843
843
850
851
854
854
859
864
870
880
886
887
888
892
894
897
906
916
919
921
923
926
927
929
932
935
938
941
945
946
951
956
958
960
961
962
964
967
994
996
1000
1004
1006
1012
1014
1015
1033
1033
1038
1038
1046
1052
1057
1058
1059
1063
1068
1069
1079
1080
1081
1099
1110
1112
1114
1114
1120
1124
1126
1128
1130
1132
1132
1135
1135
1143
1143
1151
1152
1158
1160
1164
1166
1180
1183
1184
1184
1185
1186
1195
1202
1207
1209
1214
1216
1219
1221
1226
1227
1235
1238
1238
1244
1253
1262
1262
1275
1277
1281
1281
1283
1290
1291
1292
1306
1308
1310
1322
1325
1329
1337
1339
1343
1348
1349
1353
1354
1362
1362
1362
1364
1371
1385
1389
1389
1390
1399
1404
1406
1411
1414
1417
1420
1423
1431
1433
1434
1439
1443
1443
1445
1446
1446
1450
1450
1452
1457
1459
1459
1466
1472
1475
1475
1480
1481
1487
1496
1498
1499
1501
1502
1502
1508
1515
1515
1524
1536
1539
1547
1548
1549
1554
1555
1556
1558
1559
1571
1580
1582
1586
1590
1595
1607
1612
1614
1621
1627
1630
1636
1645
1648
1649
1652
1673
1673
1682
1682
1687
1691
1695
1695
1698
1700
1709
1711
1712
1714
1723
1723
1728
1729
1735
1736
1738
1741
1743
1747
1749
1751
1753
1761
1762
1768
1771
1774
1775
1786
1789
1792
1807
1810
1813
1815
1820
1821
1832
1840
1846
1853
1858
1864
1867
1874
1878
1878
1880
1883
1887
1895
1904
1907
1909
1909
1912
1913
1921
1924
1924
1927
1927
1928
1928
1929
1932
1935
1935
1939
1941
1942
1947
1953
1957
1967
1969
1990
1995
1999
2000
2004
2012
2014
2018
2030
2032
2032
2033
2033
2033
2036
2044
2046
2048
2066
2072
2074
2076
2082
2088
2090
2099
2101
2107
2118
2119
2123
2125
2131
2133
2139
2145
2157
2159
2160
2166
2168
2178
2188
2190
2191
2194
2213
2221
2240
2251
2252
2255
2257
2258
2264
2270
2270
2274
2279
2282
2286
2287
2296
2298
2298
2308
2319
2323
2324
2333
2337
2345
2346
2349
2353
2382
2386
2387
2393
2395
2398
2400
2402
2403
2405
2413
2422
2423
2424
2424
2430
2430
2432
2438
2440
2449
2449
2451
2454
2459
2485
2487
2493
2499
2500
2500
2503
2512
2517
2518
2530
2550
2551
2554
2555
2558
2559
2560
2567
2579
2586
2587
2589
2592
2593
2595
2604
2605
2609
2613
2614
2616
2616
2631
2631
2641
2644
2649
2649
2649
2651
2655
2670
2672
2674
2677
2682
2686
2686
2694
2700
2707
2711
2713
2720
2721
2723
2725
2732
2738
2739
2739
2747
2748
2750
2756
2757
2761
2762
2769
2773
2774
2775
2775
2777
2781
2789
2790
2792
2796
2796
2811
2812
2814
2815
2832
2836
2837
2838
2846
2849
2853
2860
2861
2864
2867
2872
2873
2876
2879
2881
2884
2886
2893
2916
2916
2916
2929
2929
2936
2936
2943
2943
2946
2948
2956
2964
2965
2966
2974
2976
2983
2986
2989
2990
2996
2997
3000
3003
3010
3011
3025
3029
3031
3032
3034
3036
3038
3047
3056
3060
3060
3061
3066
3084
3090
3096
3097
3099
3102
3102
3118
3118
3123
3136
3137
3138
3139
3139
3159
3163
3167
3168
3169
3180
3181
3182
3183
3185
3188
3194
3195
3198
3199
3202
3208
3210
3210
3214
3215
3215
3215
3220
3223
3230
3235
3237
3244
3245
3246
3252
3257
3261
3264
3267
3267
3268
3269
3271
3275
3299
3307
3307
3312
3315
3320
3321
3322
3324
3331
3336
3339
3339
3342
3345
3347
3359
3359
3364
3364
3364
3367
3369
3369
3372
3382
3384
3392
3399
3399
3401
3404
3405
3406
3407
3409
3423
3423
3428
3435
3438
3440
3441
3441
3448
3456
3457
3460
3460
3460
3465
3472
3478
3483
3486
3497
3500
3503
3505
3506
3506
3508
3508
3514
3515
3515
3518
3518
3524
3537
3537
3537
3543
3546
3553
3556
3557
3559
3567
3567
3573
3583
3584
3589
3598
3606
3606
3608
3610
3611
3616
3622
3628
3629
3630
3636
3636
3637
3644
3645
3645
3647
3649
3650
3653
3666
3669
3669
3671
3673
3675
3679
3686
3693
3711
3713
3716
3718
3721
3724
3730
3732
3733
3739
3742
3743
3745
3746
3746
3749
3753
3758
3760
3764
3764
3765
3767
3786
3802
3808
3810
3815
3819
3819
3823
3833
3836
3837
3840
3840
3844
3848
3853
3854
3859
3867
3870
3874
3875
3875
3876
3876
3876
3877
3891
3892
3893
3894
3895
3896
3898
3899
3903
3907
3911
3913
3917
3921
3921
3927
3936
3936
3942
3949
3952
3955
3962
3963
3964
3972
3980
3981
3981
3988
3990
3991
3995
3996
3999
4003
4003
4009
4020
4022
4023
4024
4025
4028
4030
4030
4031
4037
4038
4044
4052
4053
4075
4080
4082
4086
4088
4097
4100
4103
4107
4109
4115
4115
4120
4132
4137
4145
4147
4150
4150
4153
4155
4156
4157
4159
4164
4164
4167
4168
4178
4181
4182
4184
4189
4191
4193
4194
4198
4207
4214
4222
4228
4231
4231
4232
4238
4247
4252
4252
4253
4264
4265
4284
4284
4298
4301
4303
4305
4314
4316
4319
4330
4330
4333
4339
4340
4343
4344
4347
4349
4359
4369
4378
4381
4387
4393
4394
4398
4398
4399
4403
4406
4407
4408
4417
4417
4431
4433
4442
4444
4445
4449
4451
4462
4470
4474
4477
4477
4480
4483
4484
4484
4486
4487
4488
4494
4496
4497
4506
4515
4515
4520
4522
4527
4532
4534
4537
4553
4558
4567
4574
4576
4580
4585
4585
4592
4597
4604
4605
4610
4611
4613
4622
4624
4631
4634
4635
4645
4652
4656
4665
4666
4667
4670
4670
4673
4674
4684
4688
4693
4700
4703
4706
4707
4711
4715
4716
4718
4718
4718
4721
4724
4728
4729
4730
4734
4738
4743
4744
4747
4751
4752
4761
4762
4763
4766
4770
4770
4770
4773
4775
4782
4785
4786
4787
4789
4793
4801
4804
4805
4807
4810
4811
4818
4818
4819
4824
4829
4831
4833
4834
4838
4838
4840
4842
4843
4844
4847
4851
4855
4856
4858
4858
4859
4862
4864
4870
4870
4872
4875
4879
4888
4890
4893
4896
4907
4910
4911
4919
4919
4923
4935
4937
4937
4945
4946
4953
4954
4957
4965
4968
4970
4972
4972
4978
4988
4994
4995
4998
5000
5005
5006
5016
5025
5030
5032
5037
5037
5041
5042
5047
5047
5059
5061
5063
5066
5069
5073
5083
5084
5085
5090
5093
5097
5098
5100
5103
5124
5131
5144
5149
5154
5156
5162
5168
5183
5184
5191
5192
5192
5194
5196
5201
5207
5207
5207
5208
5210
5214
5215
5218
5223
5228
5229
5231
5233
5237
5239
5242
5245
5247
5253
5254
5256
5256
5258
5258
5259
5262
5263
5264
5267
5270
5270
5270
5271
5279
5286
5289
5290
5293
5294
5299
5306
5310
5323
5327
5331
5331
5333
5340
5340
5345
5347
5350
5358
5360
5366
5367
5370
5377
5380
5380
5383
5389
5393
5394
5394
5396
5397
5406
5410
5413
5417
5418
5419
5420
5428
5430
5435
5440
5442
5442
5443
5446
5449
5452
5453
5459
5462
5464
5466
5468
5468
5476
5480
5483
5483
5487
5490
5490
5492
5492
5493
5505
5505
5516
5519
5524
5526
5526
5527
5531
5538
5538
5553
5562
5562
5565
5580
5595
5597
5599
5600
5600
5602
5604
5604
5609
5613
5613
5617
5621
5625
5629
5647
5648
5657
5661
5663
5666
5667
5668
5671
5677
5682
5699
5709
5710
5713
5713
5716
5728
5732
5736
5737
5739
5753
5755
5757
5763
5766
5766
5770
5773
5775
5776
5777
5778
5778
5779
5779
5795
5797
5806
5808
5810
5810
5829
5830
5832
5835
5837
5838
5839
5841
5852
5854
5854
5862
5863
5864
5868
5870
5873
5873
5874
5876
5879
5880
5883
5885
5885
5886
5892
5893
5894
5900
5907
5911
5914
5918
5920
5923
5924
5928
5935
5938
5941
5942
5948
5955
5961
5965
5967
5968
5975
5975
5977
5980
5981
5995
5997
6003
6006
6008
6008
6018
6022
6027
6030
6039
6042
6059
6073
6079
6089
6089
6093
6110
6115
6131
6145
6153
6153
6156
6167
6167
6167
6179
6185
6197
6198
6199
6204
6209
6212
6233
6237
6237
6238
6244
6245
6250
6251
6258
6258
6273
6282
6282
6296
6302
6303
6305
6307
6307
6308
6317
6317
6317
6320
6322
6326
6332
6334
6336
6339
6344
6347
6349
6355
6358
6359
6362
6363
6366
6366
6368
6372
6373
6374
6376
6380
6382
6390
6391
6392
6394
6397
6398
6398
6399
6405
6406
6410
6411
6416
6420
6422
6423
6433
6435
6436
6441
6441
6455
6456
6456
6463
6465
6469
6472
6475
6476
6477
6482
6495
6504
6507
6510
6512
6523
6541
6543
6546
6548
6551
6552
6557
6557
6558
6563
6566
6567
6567
6574
6574
6576
6582
6592
6592
6593
6594
6605
6615
6615
6616
6619
6626
6626
6632
6634
6641
6642
6648
6651
6653
6659
6673
6676
6681
6685
6695
6697
6710
6715
6718
6718
6719
6719
6720
6721
6721
6725
6730
6733
6739
6743
6752
6754
6755
6762
6769
6772
6774
6779
6782
6788
6797
6801
6809
6810
6810
6811
6814
6819
6824
6826
6827
6827
6829
6833
6836
6838
6839
6840
6842
6848
6849
6854
6855
6859
6861
6861
6866
6867
6884
6885
6886
6888
6891
6900
6901
6901
6904
6907
6907
6908
6910
6919
6936
6937
6940
6943
6945
6948
6949
6952
6953
6954
6967
6968
6970
6981
6981
6991
6996
7004
7011
7012
7012
7019
7020
7020
7021
7025
7028
7034
7035
7037
7047
7054
7059
7075
7077
7088
7089
7094
7095
7096
7098
7102
7108
7111
7112
7113
7125
7127
7128
7138
7148
7156
7158
7161
7162
7164
7164
7165
7167
7175
7175
7181
7187
7188
7188
7195
7199
7200
7201
7202
7211
7217
7218
7219
7220
7221
7231
7236
7248
7252
7253
7259
7278
7284
7285
7309
7316
7325
7331
7335
7336
7349
7355
7356
7359
7367
7372
7376
7378
7385
7393
7401
7404
7405
7407
7413
7413
7414
7417
7418
7419
7425
7430
7431
7433
7439
7440
7444
7451
7457
7469
7476
7482
7483
7484
7487
7499
7509
7510
7511
7513
7520
7529
7534
7543
7546
7560
7563
7585
7587
7587
7592
7592
7595
7601
7601
7602
7607
7626
7629
7641
7649
7657
7665
7665
7670
7670
7673
7674
7674
7686
7690
7693
7697
7700
7703
7710
7713
7714
7715
7721
7727
7733
7735
7738
7738
7740
7750
7754
7758
7758
7759
7774
7781
7782
7782
7783
7795
7796
7798
7801
7806
7808
7809
7810
7813
7815
7820
7830
7832
7833
7846
7849
7849
7850
7851
7869
7874
7879
7883
7884
7886
7889
7890
7891
7896
7897
7908
7909
7932
7933
7941
7941
7948
7952
7960
7966
7967
7976
7984
7986
7988
7990
7994
7997
8002
8007
8016
8017
8021
8022
8030
8031
8033
8035
8043
8058
8065
8069
8069
8079
8081
8085
8086
8088
8091
8099
8100
8105
8110
8111
8111
8112
8118
8125
8126
8133
8140
8141
8143
8155
8158
8167
8170
8177
8183
8184
8185
8187
8188
8191
8194
8195
8196
8200
8205
8207
8208
8211
8215
8218
8218
8220
8224
8225
8229
8230
8232
8233
8234
8234
8235
8240
8242
8250
8256
8259
8261
8268
8273
8280
8281
8285
8287
8289
8292
8293
8296
8296
8301
8303
8308
8311
8312
8328
8331
8334
8338
8339
8344
8349
8353
8356
8357
8358
8358
8367
8370
8372
8373
8373
8382
8386
8387
8394
8404
8407
8411
8416
8418
8422
8426
8428
8434
8435
8435
8435
8444
8448
8450
8451
8459
8461
8461
8469
8471
8473
8473
8475
8484
8485
8487
8490
8491
8492
8504
8506
8509
8513
8523
8523
8524
8530
8531
8532
8532
8533
8540
8542
8544
8548
8549
8549
8549
8550
8553
8559
8561
8563
8564
8567
8573
8578
8583
8583
8583
8585
8585
8585
8588
8601
8602
8613
8615
8617
8618
8619
8622
8625
8633
8633
8636
8642
8647
8648
8652
8662
8669
8669
8673
8678
8680
8681
8683
8694
8694
8703
8704
8704
8716
8717
8728
8740
8744
8745
8746
8750
8753
8754
8756
8758
8758
8761
8763
8766
8773
8773
8780
8785
8788
8795
8798
8805
8820
8822
8825
8827
8827
8828
8833
8844
8844
8848
8856
8869
8873
8879
8881
8885
8888
8891
8894
8895
8901
8909
8909
8916
8919
8923
8927
8929
8929
8931
8932
8934
8936
8936
8943
8946
8954
8955
8961
8961
8968
8968
8969
8978
8988
8993
8999
9001
9006
9009
9014
9017
9019
9025
9025
9037
9038
9040
9040
9042
9042
9044
9048
9056
9061
9063
9064
9069
9073
9073
9088
9090
9095
9097
9098
9099
9099
9101
9102
9107
9110
9112
9115
9119
9122
9125
9126
9127
9132
9133
9139
9141
9146
9147
9149
9156
9162
9164
9168
9172
9174
9174
9182
9194
9199
9204
9210
9211
9215
9215
9228
9229
9232
9236
9240
9240
9242
9251
9252
9252
9254
9255
9257
9259
9269
9271
9275
9275
9279
9279
9280
9283
9284
9285
9286
9287
9294
9295
9300
9303
9306
9309
9313
9315
9316
9317
9319
9320
9325
9326
9326
9329
9331
9335
9336
9344
9353
9354
9360
9369
9371
9372
9375
9380
9381
9385
9387
9392
9397
9398
9403
9404
9406
9408
9409
9410
9421
9422
9424
9424
9428
9428
9434
9437
9440
9448
9451
9452
9454
9455
9457
9460
9470
9471
9476
9480
9482
9484
9494
9498
9503
9503
9503
9506
9521
9525
9552
9558
9562
9567
9569
9571
9572
9577
9578
9587
9588
9592
9593
9600
9602
9603
9617
9618
9619
9621
9624
9630
9636
9638
9639
9648
9650
9651
9652
9653
9653
9655
9658
9685
9685
9690
9698
9700
9706
9709
9733
9733
9736
9736
9738
9738
9743
9756
9761
9767
9768
9769
9779
9806
9812
9813
9818
9824
9838
9839
9845
9845
9846
9849
9852
9859
9859
9870
9872
9874
9882
9894
9898
9900
9901
9908
9911
9913
9914
9917
9922
9927
9935
9943
9952
9953
9958
9964
9968
9974
9976
9976
9977
9981
9995
9996
9997
10000
