    
     ----jGRASP exec: java Project2
    
    Test Case 1
    n= 5
    City 0 79.0 45.0 A
    City 1 57.0 18.0 B
    City 2 24.0 46.0 C
    City 3 20.0 5.0 D
    City 4 46.0 27.0 E
    
    Optimal Tour: 5
    Min Cost: 179.30334267593292
    0 4 1 2 3 0 
    A E B C D A 
    Runtime Brute Force: 0ms
    
    Best Greedy Tour: 5
    Min Cost: 190.58549704246406
    0 1 4 2 3 0 
    A B E C D A 
    Runtime Greedy: 0ms
    
    
    MST Tour: 5
    Min Cost: 183.44960992622492
    0 1 4 2 3 0 
    A B E C D A 
    MST: 
    2.147483647E9 34.828149534535996 2.147483647E9 71.28113354878694 2.147483647E9 
    34.828149534535996 2.147483647E9 2.147483647E9 2.147483647E9 14.212670403551895 
    2.147483647E9 2.147483647E9 2.147483647E9 2.147483647E9 29.068883707497267 
    71.28113354878694 2.147483647E9 2.147483647E9 2.147483647E9 34.058772731852805 
    2.147483647E9 14.212670403551895 29.068883707497267 34.058772731852805 2.147483647E9 
    Runtime: 2ms
    
    DISTANCE MATRIX: 
    0.0 34.828149534535996 55.00909015790027 71.28113354878694 37.589892258425 
    34.828149534535996 0.0 43.278170016764804 39.21734310225516 14.212670403551895 
    55.00909015790027 43.278170016764804 0.0 41.19465984809196 29.068883707497267 
    71.28113354878694 39.21734310225516 41.19465984809196 0.0 34.058772731852805 
    37.589892258425 14.212670403551895 29.068883707497267 34.058772731852805 0.0 
    
    Test Case 2
    n = 12
    City 0 48.0 42.0 A
    City 1 181.0 51.0 B
    City 2 26.0 93.0 C
    City 3 99.0 85.0 D
    City 4 107.0 90.0 E
    City 5 54.0 184.0 F
    City 6 98.0 118.0 G
    City 7 117.0 176.0 H
    City 8 119.0 32.0 I
    City 9 185.0 72.0 J
    City 10 68.0 32.0 K
    City 11 136.0 142.0 L
    
    Optimal Tour: 12
    Min Cost: 580.2353924073391
    0 11 1 2 3 4 5 6 7 8 9 10 0 
    A L B C D E F G H I J K A 
    Runtime: 6176ms
    
    Best Greedy Tour: 12
    Min Cost: 726.5253911527817
    0 10 8 3 4 6 11 7 5 2 9 1 0 
    A K I D E G L H F C J B A 
    Runtime: 0ms
    
    MST Tour: 12
    Min Cost: 598.2650969858335
    0 10 8 2 3 4 6 11 7 5 1 9 0 
    A K I C D E G L H F B J A 
    MST: 
    2.147483647E9 2.147483647E9 55.54277630799526 2.147483647E9 2.147483647E9 2.147483647E9 2.147483647E9 2.147483647E9 2.147483647E9 140.24621207005913 22.360679774997898 2.147483647E9 
    2.147483647E9 2.147483647E9 2.147483647E9 2.147483647E9 2.147483647E9 2.147483647E9 2.147483647E9 2.147483647E9 64.8459713474939 21.37755832643195 2.147483647E9 2.147483647E9 
    55.54277630799526 2.147483647E9 2.147483647E9 2.147483647E9 2.147483647E9 2.147483647E9 2.147483647E9 2.147483647E9 2.147483647E9 2.147483647E9 2.147483647E9 2.147483647E9 
    2.147483647E9 2.147483647E9 2.147483647E9 2.147483647E9 9.433981132056603 2.147483647E9 2.147483647E9 2.147483647E9 56.64803615307419 2.147483647E9 2.147483647E9 2.147483647E9 
    2.147483647E9 2.147483647E9 2.147483647E9 9.433981132056603 2.147483647E9 2.147483647E9 29.410882339705484 2.147483647E9 2.147483647E9 2.147483647E9 2.147483647E9 2.147483647E9 
    2.147483647E9 2.147483647E9 2.147483647E9 2.147483647E9 2.147483647E9 2.147483647E9 2.147483647E9 63.50590523722971 2.147483647E9 2.147483647E9 2.147483647E9 2.147483647E9 
    2.147483647E9 2.147483647E9 2.147483647E9 2.147483647E9 29.410882339705484 2.147483647E9 2.147483647E9 2.147483647E9 2.147483647E9 2.147483647E9 2.147483647E9 44.94441010848846 
    2.147483647E9 2.147483647E9 2.147483647E9 2.147483647E9 2.147483647E9 63.50590523722971 2.147483647E9 2.147483647E9 2.147483647E9 2.147483647E9 2.147483647E9 38.948684188300895 
    2.147483647E9 64.8459713474939 2.147483647E9 56.64803615307419 2.147483647E9 2.147483647E9 2.147483647E9 2.147483647E9 2.147483647E9 2.147483647E9 51.0 2.147483647E9 
    140.24621207005913 21.37755832643195 2.147483647E9 2.147483647E9 2.147483647E9 2.147483647E9 2.147483647E9 2.147483647E9 2.147483647E9 2.147483647E9 2.147483647E9 2.147483647E9 
    22.360679774997898 2.147483647E9 2.147483647E9 2.147483647E9 2.147483647E9 2.147483647E9 2.147483647E9 2.147483647E9 51.0 2.147483647E9 2.147483647E9 2.147483647E9 
    2.147483647E9 2.147483647E9 2.147483647E9 2.147483647E9 2.147483647E9 2.147483647E9 44.94441010848846 38.948684188300895 2.147483647E9 2.147483647E9 2.147483647E9 2.147483647E9 
    Runtime: 3ms
    
    DISTANCE MATRIX: 
    0.0 133.30416347586447 55.54277630799526 66.70832032063167 76.05918747922567 142.12670403551894 90.97252332435328 150.72159765607583 71.7007670809734 140.24621207005913 22.360679774997898 133.2066064427737 
    133.30416347586447 0.0 160.58953888718904 88.76936408468859 83.64807230295268 183.89671013914307 106.66770832824712 140.4314779527724 64.8459713474939 21.37755832643195 114.58621208504974 101.51847122568385 
    55.54277630799526 160.58953888718904 0.0 73.43704787094863 81.05553651663777 95.2102935611481 76.21679604916491 123.1665539016173 111.22050170719426 160.3807968554839 74.06078584514209 120.42009799032718 
    66.70832032063167 88.76936408468859 73.43704787094863 0.0 9.433981132056603 108.74741376235114 33.015148038438355 92.76313923105448 56.64803615307419 86.97700845625813 61.40032573203501 67.95586803212802 
    76.05918747922567 83.64807230295268 81.05553651663777 9.433981132056603 0.0 107.91200118615167 29.410882339705484 86.57944328765345 59.22837157984339 80.049984384758 69.8927750200262 59.53990258641679 
    142.12670403551894 183.89671013914307 95.2102935611481 108.74741376235114 107.91200118615167 0.0 79.32212806020776 63.50590523722971 165.3148511174964 172.35138525698017 152.64337522473747 92.13034245024816 
    90.97252332435328 106.66770832824712 76.21679604916491 33.015148038438355 29.410882339705484 79.32212806020776 0.0 61.032778078668514 88.52683209061533 98.41239759298622 91.0823802938856 44.94441010848846 
    150.72159765607583 140.4314779527724 123.1665539016173 92.76313923105448 86.57944328765345 63.50590523722971 61.032778078668514 0.0 144.01388821915754 124.25779653607253 152.10851389715174 38.948684188300895 
    71.7007670809734 64.8459713474939 111.22050170719426 56.64803615307419 59.22837157984339 165.3148511174964 88.52683209061533 144.01388821915754 0.0 77.17512552629896 51.0 111.30588483993108 
    140.24621207005913 21.37755832643195 160.3807968554839 86.97700845625813 80.049984384758 172.35138525698017 98.41239759298622 124.25779653607253 77.17512552629896 0.0 123.64869590901475 85.44588931013593 
    22.360679774997898 114.58621208504974 74.06078584514209 61.40032573203501 69.8927750200262 152.64337522473747 91.0823802938856 152.10851389715174 51.0 123.64869590901475 0.0 129.3213052826177 
    133.2066064427737 101.51847122568385 120.42009799032718 67.95586803212802 59.53990258641679 92.13034245024816 44.94441010848846 38.948684188300895 111.30588483993108 85.44588931013593 129.3213052826177 0.0 
    
    
     ----jGRASP: operation complete.
    